1 1 0 1 1
2 2 0 1 1
3 3 0 1 1
4 3 0 1 1
5 4 0 2 2
6 4 0 2 2
7 5 0 5 5
8 4 0 1 1
9 5 0 3 3
10 5 0 4 4
11 6 0 15 15
12 5 0 3 3
13 6 1 9 10
14 6 0 14 14
15 6 0 4 4
16 5 0 1 1
17 6 0 2 2
18 6 0 7 7
19 7 2 31 33
20 6 0 6 6
21 7 3 26 29
22 7 0 40 40
23 7 0 4 4
24 6 0 4 4
25 7 1 13 14
26 7 2 22 24
27 7 0 5 5
28 7 0 23 23
29 8 18 114 132
30 7 0 12 12
31 8 13 64 77
32 6 0 1 1
33 7 0 2 2
34 7 0 4 4
35 8 0 43 43
36 7 0 12 12
37 8 6 33 39
38 8 5 87 92
39 8 2 18 20
40 7 0 8 8
41 8 3 20 23
42 8 6 78 84
43 8 0 4 4
44 8 0 69 69
45 8 0 14 14
46 8 0 8 8
47 9 37 183 220
48 7 0 5 5
49 8 1 11 12
50 8 2 34 36
51 8 0 4 4
52 8 3 35 38
53 9 34 171 205
54 8 0 16 16
55 9 17 139 156
56 8 0 32 32
57 9 25 148 173
58 9 44 308 352
59 9 4 33 37
60 8 0 24 24
61 9 15 76 91
62 9 32 201 233
63 9 7 80 87
64 7 0 1 1
65 8 0 2 2
66 8 0 4 4
67 9 0 23 23
68 8 0 6 6
69 9 3 26 29
70 9 0 134 134
71 10 244 1014 1258
72 8 0 18 18
73 9 7 42 49
74 9 13 91 104
75 9 2 30 32
76 9 8 153 161
77 9 0 4 4
78 9 6 62 68
79 10 129 492 621
80 8 0 10 10
81 9 3 33 36
82 9 6 48 54
83 9 0 4 4
84 9 9 152 161
85 9 0 8 8
86 9 0 8 8
87 10 73 434 507
88 9 0 98 98
89 10 77 394 471
90 9 0 48 48
91 10 69 290 359
92 9 0 12 12
93 10 45 261 306
94 10 90 553 643
95 10 13 167 180
96 8 0 6 6
97 9 1 13 14
98 9 2 26 28
99 9 0 4 4
100 9 3 59 62
101 10 49 221 270
102 9 0 12 12
103 10 15 84 99
104 9 4 48 52
105 10 46 286 332
106 10 81 452 533
107 10 4 26 30
108 9 0 34 34
109 10 25 100 125
110 10 44 487 531
111 10 13 75 88
112 9 0 41 41
113 10 20 115 135
114 10 62 450 512
115 10 3 38 41
116 10 73 546 619
117 10 7 79 86
118 10 9 87 96
119 10 0 20 20
120 9 0 40 40
121 10 20 100 120
122 10 35 224 259
123 10 7 57 64
124 10 52 367 419
125 10 4 44 48
126 10 20 290 310
127 11 674 1987 2661
128 8 0 1 1
129 9 0 2 2
130 9 0 4 4
131 10 0 23 23
132 9 0 6 6
133 10 3 18 21
134 10 0 58 58
135 10 0 32 32
136 9 0 8 8
137 10 3 18 21
138 10 6 68 74
139 11 163 753 916
140 10 0 269 269
141 11 403 1383 1786
142 11 673 3230 3903
143 11 124 737 861
144 9 0 25 25
145 10 8 59 67
146 10 15 113 128
147 10 2 22 24
148 10 20 159 179
149 10 0 4 4
150 10 6 110 116
151 11 157 548 705
152 10 11 223 234
153 10 0 14 14
154 10 0 8 8
155 11 111 496 607
156 10 12 132 144
157 11 161 523 684
158 11 367 1539 1906
159 11 97 472 569
160 9 0 12 12
161 10 3 26 29
162 10 6 93 99
163 10 0 4 4
164 10 9 80 89
165 10 0 8 8
166 10 0 8 8
167 11 26 150 176
168 10 12 244 256
169 11 213 821 1034
170 10 0 24 24
171 11 104 586 690
172 10 0 12 12
173 11 30 175 205
174 11 221 1465 1686
175 11 12 254 266
176 10 0 127 127
177 11 75 387 462
178 11 181 1029 1210
179 11 17 66 83
180 10 0 108 108
181 11 87 352 439
182 11 191 1098 1289
183 11 36 218 254
184 10 0 16 16
185 11 33 230 263
186 11 133 878 1011
187 11 2 70 72
188 11 148 1005 1153
189 11 25 242 267
190 11 38 570 608
191 12 2615 7172 9787
192 9 0 7 7
193 10 1 15 16
194 10 2 30 32
195 10 0 4 4
196 10 3 41 44
197 11 34 175 209
198 10 0 12 12
199 11 12 58 70
200 10 4 88 92
